wandb_version: 1

lr:
  value: 0.004799863519889121
weight_decay:
  value: 0.000452706728613368
