wandb_version: 1

lr:
  value: 0.0057042641084487835
weight_decay:
  value: 0.0006530852570030931
