wandb_version: 1

lr:
  value: 0.002371466173132264
weight_decay:
  value: 0.0004881691140813456
